1 0.191628 0.129381 0.136805 0.102857
1 0.432719 0.186958 0.0695239 0.112919
1 0.078932 0.777265 0.0459755 0.0547823
1 0.274608 0.810247 0.0515822 0.0491922
1 0.619985 0.835961 0.0784947 0.0514283
1 0.772489 0.861675 0.0605531 0.0402482
1 0.753986 0.588881 0.0392473 0.0424842
1 0.487665 0.382609 0.0515822 0.0480742
0 0.586344 0.237269 0.038126 0.0413662
0 0.744455 0.256834 0.0740093 0.0648443
0 0.893034 0.37087 0.0213057 0.0245961
0 0.826314 0.459193 0.0313979 0.0290681
0 0.890791 0.53913 0.0325192 0.0346582
0 0.237043 0.488261 0.0437328 0.0447202
0 0.404124 0.538571 0.0347619 0.0380122
0 0.233118 0.65149 0.038126 0.0380122
0 0.501121 0.667142 0.0313979 0.0447202
0 0.87285 0.797389 0.0370046 0.0346582
0 0.377773 0.915339 0.0179416 0.0335402
0 0.477573 0.934345 0.0336406 0.0245961
