1 0.518451 0.21888 0.0692855 0.059717
1 0.827976 0.186204 0.283167 0.235488
1 0.693736 0.464508 0.0267351 0.0304218
1 0.670201 0.404791 0.0233462 0.0236614
1 0.805383 0.680841 0.0271117 0.0416892
1 0.869397 0.658306 0.0271117 0.0507031
1 0.98989 0.567026 0.0195731 0.0754622
1 0.979723 0.678017 0.0399069 0.0766035
1 0.756431 0.787881 0.0632606 0.127321
1 0.8581 0.930976 0.128027 0.136335
0 0.334694 0.982806 0.0180745 0.0281684
0 0.396448 0.0842347 0.0331365 0.0698576
0 0.297039 0.143952 0.0135559 0.0202812
0 0.429961 0.28592 0.0128027 0.0157743
0 0.834754 0.312962 0.0195807 0.0180278
0 0.376868 0.474085 0.0120496 0.0157743
0 0.385528 0.512394 0.0173214 0.0135208
0 0.940189 0.590139 0.0165683 0.0202812
1 0.919338 0.550092 0.0153684 0.018066
1 0.00935746 0.028878 0.0139991 0.0204397
