1 0.019174 0.506197 0.038348 0.118307
1 0.201395 0.0814179 0.0700386 0.0754913
1 0.230389 0.514648 0.04368 0.123941
1 0.238673 0.626194 0.0421738 0.0630972
1 0.379504 0.198035 0.04368 0.0878853
1 0.438999 0.122544 0.0210869 0.0225347
1 0.537279 0.083108 0.0353958 0.0563368
1 0.594891 0.0650802 0.0421738 0.0676041
1 0.721789 0.212119 0.122756 0.273797
1 0.78166 0.3862 0.0888661 0.0811249
1 0.864502 0.287047 0.0768165 0.0698576
1 0.87128 0.521971 0.0602482 0.059717
1 0.142653 0.827317 0.0263586 0.0191545
1 0.250346 0.851541 0.02184 0.0450694
1 0.393059 0.751262 0.0406676 0.130701
1 0.564014 0.723657 0.0497048 0.0845051
1 0.482679 0.555773 0.0918785 0.0619704
1 0.556483 0.82619 0.0331365 0.0236614
1 0.713881 0.803092 0.0286179 0.0450694
1 0.853582 0.958018 0.0308772 0.0799982
1 0.962029 0.777177 0.0655199 0.135208
1 0.947343 0.602533 0.0240993 0.0495763
1 0.965794 0.674644 0.0278648 0.0247882
1 0.366701 0.571548 0.0165683 0.0123941
1 0.500377 0.348454 0.0248524 0.021408
1 0.649867 0.514084 0.0331365 0.021408
1 0.989146 0.104283 0.0210602 0.120075
