1 0.094631 0.161803 0.104286 0.0402482
1 0.847619 0.091928 0.0897082 0.0570183
1 0.263955 0.277517 0.119985 0.0301861
1 0.416459 0.298759 0.0504609 0.0503102
1 0.507849 0.374783 0.0470968 0.0480742
1 0.25106 0.803538 0.19063 0.0693163
1 0.404124 0.888507 0.155868 0.0402482
1 0.908172 0.830371 0.125592 0.0760244
1 0.51626 0.658757 0.0459755 0.0391302
1 0.605407 0.733104 0.0470968 0.0469562
0 0.16808 0.400498 0.0426114 0.0480742
0 0.167519 0.568198 0.0325192 0.0346582
0 0.51682 0.153418 0.0515822 0.0480742
0 0.67437 0.171865 0.0684025 0.0648443
0 0.629516 0.343479 0.0527036 0.0972665
0 0.820707 0.284784 0.0313979 0.0290681
0 0.759032 0.37646 0.0336406 0.0335402
0 0.821268 0.456957 0.0280338 0.0313042
0 0.86444 0.540807 0.0313979 0.0268321
0 0.757911 0.568198 0.0269125 0.0279501
0 0.821828 0.648136 0.0358833 0.0335402
0 0.711375 0.888507 0.0706452 0.138633
