1 0.0940703 0.0690089 0.0493395 0.0559003
1 0.287504 0.101431 0.0616744 0.0491922
1 0.567842 0.0807479 0.0751306 0.0547823
1 0.848741 0.090251 0.0426114 0.0313042
1 0.364316 0.620186 0.038126 0.0380122
1 0.539808 0.511739 0.0168203 0.0201241
1 0.528034 0.804656 0.0246698 0.0245961
0 0.39235 0.20876 0.0201844 0.0313042
0 0.492711 0.226648 0.0302765 0.0201241
0 0.56672 0.170747 0.0280338 0.0357762
0 0.733802 0.171306 0.0235484 0.0346582
0 0.737727 0.312734 0.0201844 0.0268321
0 0.90649 0.290933 0.0370046 0.0190061
0 0.725953 0.403852 0.0235484 0.0413662
0 0.783702 0.484907 0.0246698 0.0223601
0 0.709693 0.698446 0.0313979 0.0402482
0 0.773049 0.780619 0.0257911 0.0257141
0 0.867804 0.610683 0.0403687 0.0212421
0 0.110891 0.71857 0.0224271 0.0268321
0 0.404124 0.346274 0.0414901 0.0335402
0 0.238164 0.831489 0.0235484 0.0290681
