0 0.041014 0.877642 0.082028 0.243747
0 0.349561 0.753755 0.0267487 0.0220552
0 0.500377 0.911822 0.02184 0.0484496
0 0.533492 0.474507 0.00868009 0.00998961
0 0.215834 0.536192 0.0103493 0.0144849
0 0.63999 0.983227 0.00868009 0.0144849
0 0.805982 0.711191 0.0473296 0.0732956
0 0.959035 0.460029 0.0218588 0.0218023
0 0.542958 0.286248 0.0304008 0.0385619
1 0.1715 0.1588 0.0236015 0.0336684
1 0.0666659 0.28444 0.0137218 0.0254566
1 0.260418 0.540238 0.0466541 0.149455
1 0.325114 0.490356 0.038421 0.0328472
1 0.373211 0.607164 0.0230526 0.0287413
1 0.288684 0.758261 0.0922104 0.189693
1 0.154211 0.527099 0.0735488 0.0673367
1 0.0765456 0.640011 0.0137218 0.0632309
1 0.133903 0.65315 0.0109774 0.0123177
1 0.0298177 0.468191 0.0174372 0.0363372
1 0.289217 0.898406 0.0636502 0.0710037
1 0.357055 0.897153 0.0396418 0.0952285
1 0.521214 0.975701 0.0421587 0.032724
1 0.816565 0.570536 0.134559 0.120289
1 0.629109 0.597559 0.216045 0.386663
1 0.975847 0.22372 0.0476576 0.058444
1 0.105542 0.876086 0.0376943 0.0535955
1 0.368673 0.983378 0.0159426 0.0320513
1 0.337713 0.312258 0.00925241 0.0294158
0 0.241309 0.969285 0.00828413 0.0123941
1 0.668695 0.00874346 0.0150621 0.0146476
1 0.0995714 0.943635 0.0369232 0.06792
