1 0.0816514 0.348454 0.0399144 0.111547
1 0.109893 0.465071 0.04368 0.076618
1 0.34599 0.0155039 0.0594951 0.0247882
1 0.583622 0.062038 0.0135559 0.0180278
1 0.317155 0.086545 0.0135559 0.021408
1 0.839273 0.442537 0.0248524 0.0540833
1 0.889731 0.8814 0.116731 0.0799982
1 0.548199 0.721967 0.0331365 0.0292951
1 0.226624 0.775487 0.0165683 0.0349288
1 0.196876 0.303948 0.0112965 0.0428159
0 0.857753 0.011191 0.010602 0.0161624
0 0.774952 0.796807 0.00889777 0.0114438
0 0.849816 0.746473 0.00828413 0.0129575
1 0.805383 0.889287 0.00828413 0.0259149
1 0.372158 0.0511726 0.0087862 0.0110796
