1 0.209302 0.880836 0.0557296 0.0946458
1 0.51205 0.734924 0.0271117 0.0484496
1 0.421301 0.77098 0.0308772 0.059717
1 0.146042 0.0301514 0.0963972 0.0495763
1 0.437492 0.261696 0.0994096 0.152109
1 0.694336 0.282996 0.0888661 0.111547
1 0.64083 0.423945 0.0376551 0.0574635
1 0.607812 0.600403 0.045835 0.0439773
1 0.510543 0.549576 0.0225931 0.0338021
1 0.494859 0.923838 0.128288 0.151354
1 0.81668 0.697742 0.0128027 0.0394357
1 0.741009 0.164033 0.0117419 0.0248972
1 0.754172 0.102826 0.0173214 0.016901
0 0.707856 0.192401 0.0105434 0.0202812
1 0.986312 0.942089 0.0267276 0.0999696
1 0.858853 0.932103 0.0353958 0.0191545
1 0.724425 0.955764 0.0165683 0.0236614
1 0.938682 0.0797278 0.0112965 0.0225347
1 0.990748 0.406481 0.0178561 0.0270416
1 0.358417 0.583942 0.0271117 0.016901
1 0.0172274 0.00624817 0.0284119 0.0111983
