1 0.470252 0.105079 0.02184 0.0461961
1 0.541797 0.172683 0.036902 0.0912655
1 0.71614 0.179444 0.04368 0.0304218
1 0.787685 0.142262 0.0195807 0.0146476
1 0.896509 0.22733 0.0203338 0.0743645
1 0.963158 0.594646 0.0316303 0.0563368
1 0.905922 0.752952 0.0391613 0.154363
1 0.89086 0.871823 0.0105434 0.0270416
1 0.622756 0.890414 0.0286179 0.0574635
1 0.516945 0.688165 0.0610013 0.0608437
1 0.0172912 0.927596 0.0345825 0.0304218
1 0.0150018 0.489859 0.0240993 0.0676041
1 0.882953 0.39634 0.0112965 0.0315486
1 0.47929 0.383946 0.0112965 0.0202812
