1 0.0503976 0.893794 0.0617544 0.138588
1 0.114035 0.558027 0.143843 0.156616
1 0.151313 0.150149 0.0210869 0.0732378
1 0.216457 0.202542 0.0564827 0.121687
1 0.358793 0.0977555 0.0640137 0.0811249
1 0.393813 0.300005 0.0933847 0.264783
1 0.290637 0.502817 0.0843475 0.10704
1 0.377997 0.545633 0.0286179 0.0822517
1 0.345614 0.621687 0.0135559 0.0225347
1 0.159974 0.87802 0.0188276 0.0326753
1 0.0507742 0.752952 0.00979034 0.0326753
1 0.265785 0.775487 0.0286179 0.0281684
1 0.464604 0.394087 0.0301241 0.0292951
1 0.434309 0.0989511 0.0327934 0.0452071
1 0.269367 0.968908 0.0297571 0.0612155
1 0.335824 0.971539 0.0466924 0.0484496
1 0.532007 0.602533 0.0700386 0.0315486
1 0.573804 0.338314 0.0376551 0.0123941
1 0.599786 0.164233 0.0353958 0.0315486
1 0.641207 0.204232 0.0670261 0.0304218
1 0.707614 0.0973299 0.0633276 0.0721361
1 0.673967 0.381693 0.0346427 0.0360555
1 0.866385 0.145642 0.198066 0.289571
1 0.962251 0.449202 0.0748496 0.284358
1 0.806136 0.82957 0.273376 0.194925
1 0.49887 0.939427 0.0263586 0.0608437
1 0.609576 0.826753 0.104681 0.329007
1 0.707103 0.635772 0.058742 0.156616
1 0.989211 0.961052 0.0205928 0.0769272
0 0.106127 0.900554 0.0150621 0.021408
1 0.652503 0.321412 0.0203338 0.0259149
1 0.202252 0.795632 0.0149923 0.0197387
1 0.292897 0.0695872 0.0165683 0.0191545
1 0.986038 0.221051 0.0202396 0.0148652
