1 0.0244156 0.249865 0.0481986 0.187038
1 0.453496 0.30085 0.0515875 0.0580269
1 0.600163 0.0977555 0.0926316 0.139715
1 0.810278 0.0622634 0.0715448 0.0709843
1 0.887095 0.11015 0.0474455 0.0721111
1 0.82647 0.160853 0.0256055 0.0450694
1 0.837013 0.220006 0.0180745 0.0281684
1 0.0696018 0.648166 0.04368 0.0709843
1 0.0300639 0.55521 0.0534703 0.0811249
1 0.0368418 0.955201 0.0685324 0.0856319
1 0.182755 0.854409 0.170578 0.290213
1 0.46178 0.659715 0.0380317 0.0523932
1 0.859983 0.426762 0.014309 0.0180278
1 0.780531 0.480282 0.0120496 0.0191545
0 0.00332871 0.023391 0.00602482 0.0157743
0 0.886718 0.300568 0.0105434 0.0180278
0 0.312477 0.54676 0.0128027 0.0146476
0 0.146607 0.336623 0.00941378 0.0135208
0 0.226247 0.365355 0.0105434 0.0146476
1 0.147924 0.136628 0.0481986 0.116054
1 0.169764 0.040292 0.0225931 0.0202812
0 0.108763 0.504507 0.00753103 0.0157743
0 0.153497 0.880329 0.0105246 0.0121124
0 0.00858161 0.61854 0.0151123 0.0177649
0 0.0352979 0.635901 0.0134931 0.0234173
0 0.00885147 0.591893 0.0102547 0.0209948
0 0.275199 0.994541 0.0188276 0.00994907
1 0.15282 0.399157 0.0165683 0.0259149
