1 0.0176377 0.249865 0.014309 0.0292951
1 0.0831576 0.746755 0.0594951 0.0856319
1 0.142653 0.618871 0.0173214 0.0371823
1 0.231895 0.561407 0.0753103 0.163377
1 0.234531 0.801965 0.0278648 0.0495763
1 0.182567 0.337187 0.0399144 0.111547
1 0.216833 0.107896 0.0286179 0.0270416
1 0.583218 0.16874 0.0911254 0.10366
1 0.496234 0.16705 0.0271117 0.0574635
1 0.471006 0.902808 0.0263586 0.0664774
1 0.856218 0.870133 0.0406676 0.170137
1 0.906299 0.764783 0.0173214 0.0292951
1 0.898768 0.347327 0.0112965 0.0281684
1 0.931151 0.231274 0.0203338 0.0304218
1 0.974831 0.205922 0.0338896 0.0338021
0 0.59941 0.00930683 0.0165683 0.016901
1 0.406992 0.0814179 0.0158152 0.0180278
